function [x,y,t]=CrossedZZ()
% n=10;
% t=[0;20;linspace(20,50,n)';80;linspace(80,110,n)';111];
% x=[0;1.05;linspace(1.05,0,n)';1.05;linspace(1.05,0,n)';0];
% tya=linspace(0,1,n)';
% tyb=linspace(1,0,n)';
% y=[0;0;exp(-tya)-1;exp(-tya(end))-1;exp(-tyb)-1;exp(-tyb(end))-1];
t=[0;20;23.3333333333333;26.6666666666667;30;33.3333333333333;36.6666666666667;40;43.3333333333333;46.6666666666667;50;80;83.3333333333333;86.6666666666667;90;93.3333333333333;96.6666666666667;100;103.333333333333;106.666666666667;110;111];
x=[0;1.05000000000000;0.933333333333333;0.816666666666667;0.700000000000000;0.583333333333333;0.466666666666667;0.350000000000000;0.233333333333333;0.116666666666667;0;1.05000000000000;0.933333333333333;0.816666666666667;0.700000000000000;0.583333333333333;0.466666666666667;0.350000000000000;0.233333333333333;0.116666666666667;0;0];
y=[0;0;-0.105160683185630;-0.199262597083192;-0.283468689426211;-0.358819611570045;-0.426246579262567;-0.486582880967408;-0.540574175964073;-0.588887709492813;-0.632120558828558;-0.632120558828558;-0.588887709492813;-0.540574175964073;-0.486582880967408;-0.426246579262567;-0.358819611570045;-0.283468689426211;-0.199262597083192;-0.105160683185630;0;0];
end